0 1
0 3
0 15
0 8
0 24
0 33
0 39
1 2
1 5
1 13
1 28
1 7
2 4
2 10
2 19
2 34
3 7
3 31
3 39
4 6
4 8
4 16
5 1
5 10
5 18
6 22
6 21
6 27
7 2
7 9
7 32
7 33
7 39
8 2 
8 11
9 12
10 13
10 18
10 20
10 38
11 21
12 23
12 24
13 26
13 31
14 33
14 34
15 3
15 18
16 2
16 11
16 13
17 15
17 18
18 20
18 21
19 22
20 25
20 27
21 26
21 28
21 29
22 31
22 32
22 34
22 38
23 37
24 2
24 7
24 8
24 12
25 17
25 12
25 11
26 3
26 7
26 6
27 12
27 13
28 1
28 3
28 4
29 12
29 16
29 31
29 30
30 33
30 7
30 20
31 11
31 7
31 16
31 24
31 28
32 9
32 11
33 10
34 0
34 14
35 15
35 20
35 25
35 30
36 1
36 2
36 3
36 22
36 34
37 22
37 21
37 16
37 3
38 19
38 20
38 21
38 22
38 23
39 4
39 8
39 12
39 16
39 20
39 24
39 28
39 32
39 36
39 0
39 29